'{'{33,24,24,24,24,24,24,24,24,24,24,24,24,34,33,29,24,24,29,33,33,33,33,33,29,24,24,34,33,33},
'{33,24,24,24,29,29,29,29,29,29,29,29,29,28,33,29,24,24,29,28,33,33,33,33,24,24,24,28,33,33},
'{33,24,29,24,29,34,9,29,9,9,9,29,9,5,33,29,24,24,24,24,28,33,33,33,29,24,24,29,33,33},
'{33,24,24,24,29,33,33,33,33,33,33,33,33,33,33,29,24,24,24,24,29,28,33,33,29,24,24,28,33,33},
'{33,24,24,24,28,33,33,33,33,33,33,33,33,33,33,29,24,24,24,24,24,24,28,33,24,24,24,29,33,33},
'{33,24,24,24,29,24,29,24,29,24,29,28,33,33,33,29,24,24,24,24,24,24,29,24,29,24,24,28,33,33},
'{33,24,29,24,24,24,29,24,24,29,24,29,33,33,33,29,24,24,29,24,29,24,24,24,24,24,24,34,33,33},
'{33,24,24,24,29,9,34,9,9,29,9,5,33,33,33,29,24,24,29,29,29,24,24,24,24,24,24,28,33,33},
'{33,24,24,24,29,34,5,37,5,5,34,33,33,33,33,29,24,24,29,34,34,29,24,24,24,24,24,29,33,33},
'{33,24,24,24,28,33,33,33,33,33,33,33,33,33,33,29,24,24,29,33,33,9,29,24,24,29,24,28,33,33},
'{33,24,29,24,29,28,28,34,28,28,28,34,28,33,33,29,24,24,29,33,33,5,34,29,24,24,24,29,33,33},
'{33,24,24,24,24,24,24,24,24,24,24,24,24,34,33,29,24,24,29,33,33,33,5,9,24,24,24,28,33,33},
'{33,34,34,29,34,34,29,34,34,34,29,34,29,33,33,34,29,34,34,33,33,33,33,33,34,34,29,34,33,33},
'{33,9,23,9,23,9,37,23,9,23,9,37,9,5,33,5,37,9,9,33,33,33,33,33,9,37,9,5,33,33},
'{33,33,33,33,33,33,33,33,33,33,33,33,33,33,33,33,33,33,33,33,33,33,33,33,33,33,33,33,33,33}};

x = 30
y = 15
