'{'{33,33,33,33,33,33,33,33,33,33,33,33,33,33,33,33,33,33,33,33,33,33,33,33,33,33,33,33,33,33},
'{33,33,33,33,33,33,33,33,33,33,33,33,33,33,33,33,33,33,33,33,33,33,33,33,33,33,33,33,33,33},
'{33,33,33,33,33,33,33,33,33,33,33,33,33,33,33,33,33,33,33,33,33,33,33,33,33,33,33,33,33,33},
'{33,33,33,33,33,33,33,33,33,33,3,3,21,3,21,3,21,3,21,33,33,33,33,33,33,33,33,33,33,33},
'{33,33,33,33,33,33,33,33,33,33,3,21,21,21,21,21,21,21,21,33,33,33,33,33,33,33,33,33,33,33},
'{33,33,33,33,33,33,33,33,16,21,21,21,21,21,21,21,21,21,21,21,21,21,21,22,31,33,30,22,33,33},
'{33,33,33,33,33,33,16,33,16,3,21,21,21,21,21,21,21,21,21,21,21,21,2,22,30,31,25,30,33,33},
'{33,33,33,33,33,21,21,0,32,33,3,21,21,21,21,21,21,18,22,21,21,22,22,22,22,22,33,33,33,33},
'{33,33,33,16,16,21,21,21,15,10,16,16,21,21,21,21,2,2,18,16,16,2,7,22,22,18,33,33,31,31},
'{33,33,33,3,21,21,21,21,21,0,33,33,21,21,21,21,22,18,21,33,33,0,0,22,2,21,33,33,22,22},
'{33,16,3,16,33,33,33,33,3,21,33,33,21,21,21,21,21,16,33,18,30,21,2,22,22,2,22,22,21,25},
'{33,16,21,33,33,33,33,33,16,21,33,33,21,21,21,21,21,16,33,22,22,21,18,22,22,22,22,22,21,3},
'{33,33,33,15,0,0,0,0,32,33,33,33,21,21,21,3,33,25,22,22,22,22,22,22,22,22,21,21,33,33},
'{33,33,33,0,0,0,0,0,10,33,33,33,3,3,21,3,33,18,22,22,22,22,22,22,22,22,18,21,33,33},
'{33,10,0,22,22,22,22,0,0,0,21,21,33,16,21,21,21,21,21,22,22,22,22,22,10,33,22,22,22,22},
'{33,10,0,30,10,10,30,10,15,21,21,21,32,16,16,3,21,21,21,18,2,10,22,22,30,31,10,25,10,31},
'{33,10,0,33,33,33,33,33,16,21,21,21,0,15,33,16,21,21,21,21,21,33,31,22,22,22,33,33,33,33},
'{33,33,32,33,33,33,33,33,33,16,16,33,16,33,33,33,16,16,16,33,16,33,33,31,31,31,33,33,33,33},
'{33,33,33,33,33,33,33,33,33,33,33,33,33,33,33,33,33,33,33,33,33,33,33,33,33,33,33,33,33,33},
'{33,33,33,33,33,33,33,33,33,33,33,33,33,33,33,33,33,33,33,33,33,33,33,33,33,33,33,33,33,33}};

x = 30
y = 20
