'{'{8,8,8,8,8,8,8,8,8,8,8,8,8,8,8,8,8,8,8,8,8,8,8,8,8,8,8,8,8,8,8,8,8,8,8,8,8,33,8,8,8,8,8,8,8,8,8,8,8,8,8,8,8,8,8,8,8,8,8,33},
'{8,8,8,8,8,8,8,8,8,8,8,8,8,8,8,8,8,8,8,8,8,8,8,8,8,8,8,8,8,8,8,8,8,8,8,33,33,33,33,8,8,8,8,8,33,33,33,33,33,33,33,33,33,33,8,8,8,8,8,33},
'{8,8,8,8,8,8,8,8,8,8,8,8,8,8,8,8,8,8,8,8,8,8,8,8,8,8,8,8,8,8,8,8,8,8,8,33,33,33,33,33,33,33,33,33,33,33,33,33,33,33,33,33,33,33,8,8,8,8,8,33},
'{8,8,8,8,8,8,8,8,8,8,8,8,8,8,8,8,8,8,8,8,8,8,8,8,8,8,8,8,8,8,8,8,8,8,8,33,33,33,33,33,33,33,33,33,33,33,33,33,33,33,33,33,33,33,8,8,8,8,8,33},
'{8,8,8,8,8,8,8,8,8,8,8,8,8,8,8,8,8,8,8,8,8,8,8,8,8,8,8,8,8,8,8,8,8,8,33,33,33,33,33,33,33,33,33,33,33,33,33,33,33,33,33,33,33,33,8,8,8,8,8,33},
'{8,8,8,8,8,8,8,8,8,8,8,8,8,8,8,8,8,8,8,8,8,8,8,8,8,8,8,8,8,8,33,33,33,33,33,33,33,33,33,33,33,33,33,33,33,33,33,33,33,33,33,33,33,33,8,8,8,8,8,33},
'{8,8,8,8,8,8,8,8,8,8,8,8,8,8,8,8,8,8,8,8,8,8,8,8,8,8,8,8,8,33,33,33,33,33,33,33,33,33,33,33,33,33,33,33,33,33,33,33,33,33,33,33,33,33,8,8,8,8,8,33},
'{8,8,8,8,8,8,8,8,8,8,8,8,8,8,8,8,8,8,8,8,8,8,8,8,8,8,8,8,33,33,33,33,33,33,33,33,33,33,33,33,33,33,33,33,33,33,33,33,33,33,33,33,33,33,8,8,8,8,8,33},
'{8,8,8,8,8,8,8,8,8,8,8,8,8,8,8,33,33,33,33,33,33,33,33,33,33,33,33,33,33,33,33,33,33,33,33,33,33,33,33,33,33,33,33,33,33,33,33,33,33,33,33,33,33,33,8,8,8,8,8,33},
'{8,8,8,8,8,8,8,8,8,8,8,33,33,33,33,33,33,33,33,33,33,33,33,33,33,33,33,33,33,33,33,33,33,33,33,33,33,33,33,33,33,33,33,33,33,33,33,33,33,33,33,33,33,33,8,8,8,8,8,33},
'{8,8,8,8,8,8,8,8,8,33,33,33,33,33,33,33,33,33,33,33,33,33,33,33,33,33,33,33,33,33,33,33,33,33,33,33,33,33,33,33,33,33,33,33,33,33,33,33,33,33,33,33,33,33,8,8,8,8,8,33},
'{8,8,8,8,8,8,33,33,33,33,33,33,33,33,33,33,33,33,33,33,33,33,33,33,33,33,33,33,33,33,33,33,33,33,33,33,33,33,33,33,33,33,33,33,33,33,33,33,33,33,33,33,33,33,8,8,8,8,8,33},
'{8,8,8,8,8,33,33,33,33,33,33,33,33,33,33,33,33,33,33,33,33,33,33,33,33,33,33,33,33,33,33,33,33,33,33,33,33,33,33,33,33,33,33,33,33,33,33,33,33,33,33,33,33,33,8,8,8,8,8,33},
'{8,8,8,8,8,33,33,33,33,33,33,33,33,33,33,33,33,33,33,33,33,33,33,33,33,33,33,33,33,33,33,33,33,33,33,33,33,33,33,33,33,33,33,33,33,33,33,33,33,33,33,33,33,33,8,8,8,8,8,8},
'{8,8,8,8,8,33,33,33,33,33,33,33,33,33,33,33,33,33,33,33,33,33,33,33,33,33,33,33,33,33,33,33,33,33,33,33,33,33,33,33,33,33,33,33,33,33,33,33,33,33,33,33,33,33,33,8,8,8,8,8},
'{8,8,8,8,8,33,33,33,33,33,33,33,33,33,33,33,33,33,33,33,33,33,33,33,33,33,33,33,33,33,33,33,33,33,33,33,33,33,33,33,33,33,33,33,33,33,33,33,33,33,33,33,33,33,33,8,8,8,8,8},
'{8,8,8,8,8,33,33,33,33,33,33,33,33,33,33,33,33,33,33,33,33,21,21,33,33,33,10,0,33,33,33,33,0,32,33,33,33,21,21,33,33,33,33,33,33,33,33,33,33,33,33,33,33,33,33,8,8,8,8,8},
'{8,8,8,8,8,33,33,33,33,33,33,33,33,33,33,33,33,33,33,33,33,16,16,33,33,16,10,10,16,16,16,32,10,31,16,33,33,16,16,33,33,33,33,16,33,33,33,33,33,33,33,33,33,33,33,8,8,8,8,8},
'{8,8,8,8,8,33,33,33,33,33,33,33,33,33,33,33,16,16,33,33,33,33,33,33,16,21,16,33,21,21,21,16,33,16,21,33,33,33,33,33,33,33,16,21,33,33,33,33,33,33,33,33,33,33,33,8,8,8,8,8},
'{8,8,8,8,33,33,33,33,33,33,33,33,33,33,33,33,33,10,10,33,33,10,32,33,16,21,15,30,33,16,16,32,30,15,21,33,33,10,32,33,33,30,32,16,33,33,33,33,33,33,33,33,33,33,33,8,8,8,8,8},
'{8,8,8,8,33,33,33,33,33,33,33,33,33,33,33,33,33,10,0,33,33,0,30,33,16,21,0,0,33,33,33,33,0,2,21,33,33,0,30,33,32,0,32,33,33,33,33,33,33,33,33,33,33,33,33,8,8,8,8,8},
'{8,8,8,8,33,33,33,33,33,33,33,33,33,33,33,33,33,16,33,15,21,21,0,0,32,33,30,0,21,21,21,15,0,10,33,30,0,21,21,21,31,33,16,21,33,33,33,33,33,33,33,33,33,33,33,8,8,8,8,8},
'{8,8,8,8,33,33,33,33,33,33,33,33,33,33,33,33,16,16,33,25,21,21,2,0,32,33,30,0,21,21,21,2,0,32,33,30,0,21,2,21,32,33,16,21,33,33,33,33,33,33,33,33,33,33,33,8,8,8,8,8},
'{8,8,8,8,33,33,33,33,33,33,33,33,33,33,33,33,33,10,0,19,19,0,30,33,32,0,27,19,0,0,0,26,19,30,0,33,33,0,26,19,27,0,32,33,33,33,33,33,33,33,33,33,33,33,33,8,8,8,8,8},
'{8,8,8,8,33,33,33,33,33,33,33,33,33,33,33,33,33,30,0,19,19,30,10,28,31,0,31,20,30,10,30,10,20,10,0,31,28,10,10,19,30,0,10,33,33,33,33,33,33,33,33,33,33,33,33,8,8,8,8,8},
'{8,8,8,8,33,33,33,33,33,33,33,33,33,33,33,33,32,0,0,19,19,33,33,19,25,21,33,33,33,33,33,33,33,16,21,19,19,33,33,19,27,0,0,0,33,33,33,33,33,33,33,33,33,33,33,8,8,8,8,8},
'{8,8,8,8,33,33,33,33,33,33,33,33,33,33,33,33,32,0,0,30,31,33,33,19,1,16,33,33,28,28,28,28,33,33,16,20,19,33,33,25,18,0,0,0,33,33,33,33,33,33,33,33,33,33,33,8,8,8,8,8},
'{8,8,8,8,33,33,33,33,33,33,33,33,33,33,33,33,32,0,0,21,21,33,33,19,20,33,33,33,20,19,19,20,33,33,33,20,19,33,33,21,0,0,0,0,33,33,33,33,33,33,33,33,33,33,33,8,8,8,8,8},
'{8,8,8,8,33,33,33,33,33,33,33,33,33,33,33,15,0,0,0,21,21,33,33,19,28,33,33,33,20,19,19,1,33,33,33,20,19,33,33,21,2,0,0,0,33,33,33,33,33,33,33,33,33,33,33,8,8,8,8,8},
'{8,8,8,8,33,33,33,33,33,33,33,33,33,33,33,21,0,0,0,2,21,33,33,19,1,33,33,33,20,19,19,20,33,33,33,20,19,33,33,21,2,0,0,0,33,33,33,33,33,33,33,33,33,33,33,8,8,8,8,8},
'{8,8,8,8,33,33,33,33,33,33,33,33,33,33,33,0,0,0,0,27,19,33,33,19,27,21,33,33,33,33,33,33,33,16,21,19,19,33,33,19,30,0,0,0,33,33,33,33,33,33,33,33,33,33,33,8,8,8,8,8},
'{8,8,8,8,33,33,33,33,33,33,33,33,33,33,33,21,0,0,0,19,19,33,33,20,31,21,31,33,33,33,33,33,33,31,21,1,20,33,33,19,27,0,0,30,33,33,33,33,33,33,33,33,33,33,33,8,8,8,8,8},
'{8,8,8,8,33,33,33,33,33,33,33,33,33,33,33,30,33,32,0,19,19,0,30,33,32,0,27,19,0,0,0,30,19,30,0,28,33,0,26,19,30,0,32,33,33,33,33,33,33,33,33,33,33,33,33,8,8,8,8,8},
'{8,8,8,8,33,33,33,33,33,33,33,33,33,33,33,10,16,10,10,25,25,0,0,32,10,10,27,30,0,2,0,30,30,10,10,32,32,0,2,25,10,10,32,16,33,33,33,33,33,33,33,33,33,33,33,8,8,8,8,8},
'{8,8,8,8,33,33,33,33,33,33,33,33,33,33,33,33,21,16,33,16,21,21,21,0,32,33,10,0,21,21,21,0,0,32,33,30,0,21,21,21,16,33,16,21,33,33,33,33,33,33,33,33,33,33,33,8,8,8,8,8},
'{8,8,8,8,33,33,33,33,33,33,33,33,33,33,33,33,16,32,10,32,16,0,0,32,32,16,0,0,16,16,33,10,0,15,16,10,32,0,0,33,32,30,32,16,33,33,33,33,33,33,33,33,33,33,33,8,8,8,8,8},
'{8,8,8,8,33,33,33,33,33,33,33,33,33,33,33,33,33,10,0,33,33,0,30,33,16,21,0,0,33,33,33,32,0,2,21,33,33,0,30,33,32,0,32,33,33,33,33,33,33,33,33,33,33,33,33,8,8,8,8,8},
'{8,8,8,8,33,33,33,33,33,33,33,33,33,33,33,33,21,16,33,33,33,33,33,33,16,21,16,33,15,21,21,16,33,16,21,33,33,33,33,33,33,33,16,21,33,33,33,33,33,33,33,33,33,33,33,8,8,8,8,8},
'{8,8,8,8,33,33,33,33,33,33,33,33,33,33,33,33,21,16,33,33,33,33,33,33,16,21,33,33,21,25,21,16,33,31,21,33,33,33,33,33,33,33,16,21,33,33,33,33,33,33,33,33,33,33,33,8,8,8,8,8},
'{8,8,8,8,8,33,33,33,33,33,33,33,33,33,33,33,33,33,33,33,33,21,21,33,33,33,10,0,33,33,33,28,0,10,33,33,33,21,21,33,33,33,33,33,33,33,33,33,33,33,33,33,33,33,33,8,8,8,8,8},
'{8,8,8,8,8,33,33,33,33,33,33,33,33,33,33,33,33,33,33,33,33,16,16,33,33,33,32,30,33,33,33,33,30,28,33,33,33,16,16,33,33,33,33,33,33,33,33,33,33,33,33,33,33,33,33,8,8,8,8,8},
'{8,8,8,8,8,33,33,33,33,33,33,33,33,33,33,33,33,33,33,33,33,33,33,33,33,33,33,33,33,33,33,33,33,33,33,33,33,33,33,33,33,33,33,33,33,33,33,33,33,33,33,33,33,33,33,8,8,8,8,8},
'{8,8,8,8,8,33,33,33,33,33,33,33,33,33,33,33,33,33,33,33,33,33,33,33,33,33,33,33,33,33,33,33,33,33,33,33,33,33,33,33,33,33,33,33,33,33,33,33,33,33,33,33,33,33,33,8,8,8,8,8},
'{8,8,8,8,8,8,33,33,33,33,33,33,33,33,33,33,33,33,33,33,33,33,33,33,33,33,33,33,33,33,33,33,33,33,33,33,33,33,33,33,33,33,33,33,33,33,33,33,33,33,33,33,33,33,33,8,8,8,8,8},
'{33,8,8,8,8,8,33,33,33,33,33,33,33,33,33,33,33,33,33,33,33,33,33,33,33,33,33,33,33,33,33,33,33,33,33,33,33,33,33,33,33,33,33,33,33,33,33,33,33,33,33,33,33,33,33,8,8,8,8,8},
'{33,8,8,8,8,8,33,33,33,33,33,33,33,33,33,33,33,33,33,33,33,33,33,33,33,33,33,33,33,33,33,33,33,33,33,33,33,33,33,33,33,33,33,33,33,8,8,8,8,8,8,8,8,8,8,8,8,8,8,8},
'{33,8,8,8,8,8,8,33,33,33,33,33,33,33,33,33,33,33,33,33,33,33,33,33,33,33,8,8,8,8,8,8,8,33,33,33,33,33,33,33,33,33,33,8,8,8,8,8,8,8,8,8,8,8,8,8,8,8,8,8},
'{33,33,8,8,8,8,8,33,33,33,33,33,33,33,33,33,33,33,33,33,33,33,8,8,8,8,8,8,8,8,8,8,8,8,33,33,33,33,33,8,8,8,8,8,8,8,8,8,8,8,8,8,8,8,8,8,8,8,8,8},
'{33,33,8,8,8,8,8,33,33,33,33,33,33,33,33,33,33,33,33,8,8,8,8,8,8,8,8,8,8,8,8,8,8,8,8,33,33,8,8,8,8,8,8,8,8,8,8,8,8,8,8,8,8,8,8,8,8,8,8,8},
'{33,33,8,8,8,8,8,33,33,33,33,33,33,33,33,33,8,8,8,8,8,8,8,8,8,8,8,8,8,8,8,8,8,8,8,8,8,8,8,8,8,8,8,8,8,8,8,8,8,8,8,8,8,8,8,8,8,8,8,8},
'{33,33,8,8,8,8,8,8,33,33,33,33,33,33,33,8,8,8,8,8,8,8,8,8,8,8,8,8,8,8,8,8,8,8,8,8,8,8,8,8,8,8,8,8,8,8,8,33,33,33,33,33,33,8,8,8,8,8,8,8},
'{33,33,8,8,8,8,8,8,33,33,33,33,33,33,8,8,8,8,8,8,8,8,8,8,8,8,8,8,8,8,8,8,8,8,8,8,8,8,8,8,8,8,8,8,8,33,33,33,33,33,33,33,33,8,8,8,8,8,8,8},
'{8,33,33,8,8,8,8,8,33,33,33,33,33,33,8,8,8,8,8,8,8,8,8,8,8,8,8,8,8,8,8,8,8,8,8,8,8,8,8,8,8,8,8,8,8,8,8,8,8,8,8,8,33,8,8,8,8,8,8,8},
'{8,8,33,8,8,8,8,8,8,8,8,8,8,8,8,8,8,8,8,8,8,8,8,8,8,8,8,8,8,8,8,8,8,8,8,8,8,8,8,8,8,8,8,8,8,8,8,8,8,8,8,8,8,8,8,8,8,8,8,8},
'{8,8,8,8,8,8,8,8,8,8,8,8,8,8,8,8,8,8,8,8,8,8,8,8,8,8,8,8,8,8,8,8,8,8,8,8,8,8,8,8,8,8,8,8,8,8,8,8,8,8,8,8,8,8,8,8,8,8,8,8},
'{8,8,8,8,8,8,8,8,8,8,8,8,8,8,8,8,8,8,8,8,8,8,8,8,8,8,8,8,8,8,8,8,8,8,8,8,8,8,8,8,8,8,8,8,8,8,8,8,8,8,8,8,8,8,8,8,8,8,8,8},
'{8,8,8,8,8,8,8,8,8,8,8,8,8,8,8,8,8,8,8,8,8,8,8,8,8,8,8,8,8,8,8,8,8,8,8,8,8,8,8,8,8,8,8,8,8,8,8,8,8,8,8,8,8,8,8,8,8,8,8,8},
'{8,8,8,8,8,8,8,8,8,8,8,8,8,8,8,8,8,8,8,8,8,8,8,8,8,8,8,8,8,8,8,8,8,8,8,8,8,8,8,8,8,8,8,8,8,8,8,8,8,8,8,8,8,8,8,8,8,8,8,8},
'{8,8,8,8,8,8,8,8,8,8,8,8,8,8,8,8,8,8,8,8,8,8,8,8,8,8,8,8,8,8,8,8,8,8,8,8,8,8,8,8,8,8,8,8,8,8,8,8,8,8,8,8,8,8,8,8,8,8,8,8},
'{8,8,8,8,8,8,8,8,8,8,8,8,8,8,8,8,8,8,8,8,8,8,8,8,8,8,8,8,8,8,8,8,8,8,8,8,8,8,8,8,8,8,8,8,8,8,8,8,8,8,8,8,8,8,8,8,8,8,8,8}};

x = 60
y = 60
