'{'{33,33,33,33,33,33,33,33,33,33,33,33,33,33,33,33,33,33,33,33,33,33,33,33,33,33,33,33,33,33,33,33,33,33,33,33,33,33,33,33,33,33,33,33,33,33,33,33,33,33,33,33,33,33,33,33,33,33,33,33},
'{33,33,33,33,33,33,33,33,33,33,33,33,33,33,33,33,33,33,33,33,33,33,33,33,33,33,33,33,33,33,33,33,33,33,33,33,33,33,33,33,33,33,33,33,33,33,33,33,33,33,33,33,33,33,33,33,33,33,33,33},
'{33,33,33,33,33,33,33,33,33,33,33,33,33,33,33,33,33,33,33,33,33,33,21,16,33,33,33,30,30,33,33,33,32,0,33,33,33,33,21,16,33,33,33,33,33,33,33,33,33,33,33,33,33,33,33,33,33,33,33,33},
'{33,33,33,33,33,33,33,33,33,33,33,33,33,33,33,33,33,33,33,33,33,33,21,16,33,33,33,0,30,33,33,33,10,0,33,33,33,33,21,16,33,33,33,33,33,33,33,33,33,33,33,33,33,33,33,33,33,33,33,33},
'{33,33,33,33,33,33,33,33,33,33,33,33,33,33,33,33,16,21,33,33,33,33,33,33,33,16,21,33,33,21,21,21,16,33,21,21,33,33,33,33,33,33,33,21,21,33,33,33,33,33,33,33,33,33,33,33,33,33,33,33},
'{33,33,33,33,33,33,33,33,33,33,33,33,33,33,33,33,16,16,32,33,33,33,33,33,33,16,21,32,32,16,25,3,32,33,21,21,33,33,33,33,33,33,33,16,31,33,33,33,33,33,33,33,33,33,33,33,33,33,33,33},
'{33,33,33,33,33,33,33,33,33,33,33,33,33,0,30,33,33,33,30,0,33,33,0,10,33,16,21,0,0,33,33,33,10,0,21,21,33,33,0,10,33,10,0,33,33,33,28,0,32,33,33,33,33,33,33,33,33,33,33,33},
'{33,33,33,33,33,33,33,33,33,33,33,16,16,32,28,33,33,16,10,32,16,10,2,15,10,32,16,0,0,16,16,16,30,0,10,16,10,10,0,15,16,32,10,16,16,33,33,32,32,16,33,33,33,33,33,33,33,33,33,33},
'{33,33,33,33,33,33,33,33,33,33,33,21,21,33,33,33,16,21,33,33,21,21,21,2,0,32,33,0,0,21,21,21,0,0,33,33,0,0,21,21,21,16,33,21,21,33,33,33,16,21,33,33,33,33,33,33,33,33,33,33},
'{33,33,33,33,33,33,33,33,33,33,33,33,33,33,33,30,10,33,30,30,19,27,0,10,33,10,30,19,27,0,0,0,30,19,30,30,33,32,0,30,19,10,30,33,33,30,10,33,33,33,33,33,33,33,33,33,33,33,33,33},
'{33,33,33,33,33,33,33,33,33,33,33,33,33,33,28,0,32,33,30,0,19,19,0,10,33,30,0,19,19,0,0,0,27,19,26,0,33,33,0,30,19,30,0,33,33,0,30,33,33,33,33,33,33,33,33,33,33,33,33,33},
'{33,33,33,33,33,33,0,10,33,33,33,0,0,33,16,21,0,0,0,0,19,20,33,28,19,25,21,33,33,33,33,33,33,33,21,21,19,20,33,28,19,30,0,0,0,21,16,33,10,0,33,33,33,33,0,10,33,33,33,33},
'{33,33,33,33,33,33,0,32,33,33,33,30,0,33,33,21,2,0,0,0,19,1,33,28,19,31,21,33,33,33,33,33,33,33,16,25,19,20,33,33,19,26,0,0,0,21,15,33,10,0,33,33,33,33,0,32,33,33,33,33},
'{33,33,33,33,33,33,33,33,33,33,33,21,21,33,33,21,0,0,0,0,21,15,33,28,19,28,33,33,33,19,19,19,28,33,33,33,19,20,33,16,21,0,0,0,0,21,16,33,16,21,33,33,33,33,33,33,33,33,33,33},
'{33,33,33,33,33,33,16,33,33,33,16,15,2,32,32,25,2,0,30,30,16,16,33,33,1,33,33,33,33,28,1,1,33,33,33,33,28,28,33,33,16,10,30,0,0,25,10,32,15,0,16,16,33,33,16,33,33,33,33,33},
'{33,33,33,33,33,33,21,16,33,16,21,0,0,0,30,19,30,0,19,19,33,33,33,33,33,33,33,33,33,33,33,33,33,33,33,33,33,33,33,33,33,20,19,0,0,19,27,0,0,0,2,21,33,33,21,16,33,33,33,33},
'{33,33,33,33,33,33,33,16,16,16,16,0,0,27,30,30,10,32,28,28,33,33,33,33,33,33,33,33,33,33,33,33,33,33,33,33,33,33,33,33,33,33,28,33,31,26,30,27,26,0,32,16,16,16,16,33,33,33,33,33},
'{33,33,33,33,33,33,33,16,21,16,33,0,0,19,27,0,10,33,33,33,33,33,33,33,33,33,33,33,33,33,33,33,33,33,33,33,33,33,33,33,33,33,33,33,33,0,30,19,30,0,33,33,21,25,33,33,33,33,33,33},
'{33,33,33,33,33,33,21,15,0,15,21,33,33,0,30,19,28,33,33,33,33,33,33,33,33,33,33,33,33,33,33,33,33,33,33,33,33,33,33,33,33,33,33,33,33,19,27,0,32,33,16,21,0,0,21,16,33,33,33,33},
'{33,33,33,33,33,33,21,2,0,21,21,33,33,0,30,19,28,33,33,33,33,33,33,33,33,33,33,33,33,33,33,33,33,33,33,33,33,33,33,33,33,33,33,33,33,20,27,0,32,33,25,21,0,0,21,16,33,33,33,33},
'{33,33,33,33,21,21,33,32,0,32,33,19,19,0,30,33,33,33,33,33,33,33,33,33,33,33,33,33,33,33,33,33,33,33,33,33,33,33,33,33,33,33,33,33,33,33,33,0,30,19,33,33,0,30,33,16,21,33,33,33},
'{33,33,33,33,16,16,33,10,0,10,33,1,20,10,32,28,33,33,33,33,33,33,33,33,33,33,33,33,33,33,33,33,33,33,33,33,33,33,33,33,33,33,33,33,33,33,31,30,27,20,33,28,0,0,33,16,16,31,32,33},
'{33,33,30,0,33,33,21,21,21,0,0,33,33,33,33,19,28,33,33,33,33,33,33,33,33,33,33,33,33,33,33,33,33,33,33,33,33,33,33,33,33,33,33,33,33,19,20,33,33,33,30,0,21,21,21,31,33,10,0,33},
'{33,33,32,32,16,16,16,10,2,0,0,10,32,33,33,28,33,33,33,33,33,33,33,33,33,33,33,33,33,33,33,33,33,33,33,33,33,33,33,33,33,33,33,33,33,28,33,33,33,10,0,0,0,2,16,16,16,10,32,33},
'{33,33,33,33,21,25,33,32,0,0,0,0,0,33,33,33,33,33,33,33,33,33,33,33,33,33,33,33,33,33,33,33,33,33,33,33,33,33,33,33,33,33,33,33,33,33,33,33,10,0,0,0,0,30,33,16,21,16,33,33},
'{33,33,33,33,0,0,21,16,33,30,0,32,33,20,28,33,33,33,33,33,33,33,33,33,33,33,33,33,33,33,33,33,33,33,33,33,33,33,33,33,33,33,33,33,33,33,33,20,28,33,0,0,33,32,21,15,0,33,33,33},
'{33,33,33,33,0,0,21,16,33,30,0,33,33,19,20,33,33,33,33,33,33,33,33,33,33,33,33,33,33,33,33,33,33,33,33,33,33,33,33,33,33,33,33,33,33,33,33,19,28,33,30,0,33,33,21,2,0,32,33,33},
'{33,33,30,0,33,33,0,0,21,16,33,0,0,33,33,33,33,33,33,33,33,33,33,33,33,33,33,33,33,33,33,33,33,33,33,33,33,33,33,33,33,33,33,33,33,33,33,33,32,0,33,33,21,21,0,10,33,10,0,33},
'{33,33,10,30,33,33,0,2,15,16,33,30,26,33,33,33,33,33,33,33,33,33,33,33,33,33,33,33,33,33,33,33,33,33,33,33,33,33,33,33,33,33,33,33,33,33,33,33,32,26,32,33,15,21,0,32,33,32,30,33},
'{33,33,33,33,33,33,21,16,33,10,0,19,19,33,33,33,33,33,33,33,33,33,33,33,33,33,33,33,33,33,33,33,33,33,33,33,33,33,33,33,33,33,33,33,33,33,33,33,28,19,26,0,33,33,21,16,33,33,33,33},
'{33,33,33,33,33,33,21,16,33,10,0,19,20,33,33,33,33,33,33,33,33,33,33,33,33,33,33,33,33,33,33,33,33,33,33,33,33,33,33,33,33,33,33,33,33,33,33,33,28,19,26,0,33,33,21,16,33,33,33,33},
'{33,33,33,33,33,33,21,16,33,10,0,19,19,33,33,33,33,33,33,33,33,33,33,33,33,33,33,33,33,33,33,33,33,33,33,33,33,33,33,33,33,33,33,33,33,33,33,33,28,19,26,0,33,33,21,31,33,33,33,33},
'{33,33,32,10,33,33,0,15,16,32,32,30,10,33,33,33,33,33,33,33,33,33,33,33,33,33,33,33,33,33,33,33,33,33,33,33,33,33,33,33,33,33,33,33,33,33,33,33,32,30,32,32,16,15,2,10,33,32,10,33},
'{33,33,30,0,33,33,0,0,21,16,33,0,0,33,33,33,33,33,33,33,33,33,33,33,33,33,33,33,33,33,33,33,33,33,33,33,33,33,33,33,33,33,33,33,33,33,33,33,32,0,33,33,21,21,0,10,33,10,0,33},
'{33,33,33,33,0,0,21,16,33,10,0,33,33,20,1,33,33,33,33,33,33,33,33,33,33,33,33,33,33,33,33,33,33,33,33,33,33,33,33,33,33,33,33,33,33,33,33,19,28,33,30,0,33,16,21,0,0,31,33,33},
'{33,33,33,33,0,0,21,32,33,30,0,33,33,19,1,33,33,33,33,33,33,33,33,33,33,33,33,33,33,33,33,33,33,33,33,33,33,33,33,33,33,33,33,33,33,33,33,19,28,33,30,0,33,33,21,18,0,32,33,33},
'{33,33,33,33,21,16,33,32,0,0,0,0,0,33,33,33,33,33,33,33,33,33,33,33,33,33,33,33,33,33,33,33,33,33,33,33,33,33,33,33,33,33,33,33,33,33,33,33,10,0,0,0,0,0,33,16,21,33,33,33},
'{33,33,33,28,16,15,33,10,0,0,0,30,10,33,33,33,33,33,33,33,33,33,33,33,33,33,33,33,33,33,33,33,33,33,33,33,33,33,33,33,33,33,33,33,33,33,33,33,32,30,0,0,0,30,16,16,10,31,32,33},
'{33,33,30,0,33,33,21,21,21,0,0,33,33,33,33,19,28,33,33,33,33,33,33,33,33,33,33,33,33,33,33,33,33,33,33,33,33,33,33,33,33,33,33,33,33,19,20,33,33,33,30,0,21,21,21,16,33,10,0,33},
'{33,33,32,32,16,16,16,10,2,10,32,28,28,32,10,28,33,33,33,33,33,33,33,33,33,33,33,33,33,33,33,33,33,33,33,33,33,33,33,33,33,33,33,33,33,28,33,32,31,28,32,10,0,2,16,16,16,32,32,33},
'{33,33,33,33,21,25,33,32,0,32,33,20,19,0,30,33,33,33,33,33,33,33,33,33,33,33,33,33,33,33,33,33,33,33,33,33,33,33,33,33,33,33,33,33,33,33,33,0,27,19,33,33,0,30,33,16,21,16,33,33},
'{33,33,33,33,33,16,25,21,0,15,25,33,33,0,30,20,33,33,33,33,33,33,33,33,33,33,33,33,33,33,33,33,33,33,33,33,33,33,33,33,33,33,33,33,33,20,10,0,10,33,31,21,0,0,21,16,33,33,33,33},
'{33,33,33,33,33,33,21,0,0,2,21,33,33,0,30,19,28,33,33,33,33,33,33,33,33,33,33,33,33,33,33,33,33,33,33,33,33,33,33,33,33,33,33,33,33,19,27,0,10,33,16,21,0,0,21,31,33,33,33,33},
'{33,33,33,33,33,33,33,16,21,16,33,0,0,19,27,0,32,33,33,33,33,33,33,33,33,33,33,33,33,33,33,33,33,33,33,33,33,33,33,33,33,33,33,33,33,0,30,19,30,0,33,33,21,25,33,33,33,33,33,33},
'{33,33,33,33,33,33,33,16,15,16,33,0,0,19,30,26,32,33,33,33,33,33,33,33,33,33,33,33,33,33,33,33,33,33,33,33,33,33,33,33,33,33,33,33,33,26,30,19,26,0,32,33,21,16,33,33,33,33,33,33},
'{33,33,33,33,33,33,21,16,33,16,21,0,0,0,30,19,30,0,19,19,33,33,33,33,33,33,33,33,33,33,33,33,33,33,33,33,33,33,33,33,33,1,19,0,0,19,27,0,0,0,21,21,33,33,21,16,33,33,33,33},
'{33,33,33,33,33,33,16,33,33,16,16,0,2,10,10,25,30,0,30,27,16,33,33,33,28,33,33,33,33,28,28,28,33,33,33,33,28,33,33,33,16,10,27,0,0,25,10,10,0,0,10,16,33,33,16,33,33,33,33,33},
'{33,33,33,33,33,33,33,33,33,33,33,21,21,33,33,21,0,0,0,0,21,21,33,28,19,33,33,33,33,19,19,19,28,33,33,33,19,20,33,16,21,0,0,0,0,21,16,33,16,21,33,33,33,33,33,33,33,33,33,33},
'{33,33,33,33,33,33,10,28,33,33,33,30,0,33,16,21,0,0,0,0,19,1,33,28,19,31,16,33,33,33,28,28,33,33,16,16,19,20,33,33,19,30,0,0,0,21,15,33,10,0,33,33,33,33,10,33,33,33,33,33},
'{33,33,33,33,33,33,0,10,33,33,33,0,0,33,33,21,2,0,0,0,19,20,33,28,19,25,21,33,33,33,33,33,33,33,21,21,19,20,33,28,19,30,0,0,0,21,16,33,10,0,33,33,33,33,0,10,33,33,33,33},
'{33,33,33,33,33,33,33,33,33,33,33,33,33,33,16,0,10,33,0,0,19,19,0,32,33,30,0,20,20,0,0,0,27,20,30,0,33,33,0,27,19,26,0,33,33,0,10,33,33,33,33,33,33,33,33,33,33,33,33,33},
'{33,33,33,33,33,33,33,33,33,33,33,33,33,33,33,0,32,33,30,0,19,19,0,10,33,10,0,19,19,0,0,0,30,19,30,0,33,28,0,30,19,30,0,33,33,0,10,33,33,33,33,33,33,33,33,33,33,33,33,33},
'{33,33,33,33,33,33,33,33,33,33,33,21,21,33,33,33,16,21,33,33,21,21,21,0,0,31,33,0,0,21,21,21,0,0,33,33,0,0,21,21,21,16,33,21,21,33,33,33,16,21,33,33,33,33,33,33,33,33,33,33},
'{33,33,33,33,33,33,33,33,33,33,33,16,16,28,33,33,16,16,32,33,16,15,2,15,30,32,33,0,0,31,16,15,15,0,32,16,30,30,0,21,31,32,33,16,31,33,33,33,10,16,33,33,33,33,33,33,33,33,33,33},
'{33,33,33,33,33,33,33,33,33,33,33,33,33,0,10,33,33,33,30,0,33,33,0,10,33,16,21,0,0,33,33,33,10,0,21,21,33,33,0,10,33,10,0,33,33,33,28,0,32,33,33,33,33,33,33,33,33,33,33,33},
'{33,33,33,33,33,33,33,33,33,33,33,33,33,32,28,33,33,16,10,32,33,33,32,33,33,16,21,10,32,16,16,16,32,32,21,21,33,33,32,33,33,33,10,16,16,33,33,10,33,33,33,33,33,33,33,33,33,33,33,33},
'{33,33,33,33,33,33,33,33,33,33,33,33,33,33,33,33,16,21,33,33,33,33,33,33,33,16,21,33,33,21,21,21,16,33,15,21,33,33,33,33,33,33,33,21,21,33,33,33,33,33,33,33,33,33,33,33,33,33,33,33},
'{33,33,33,33,33,33,33,33,33,33,33,33,33,33,33,33,33,33,33,33,33,33,3,16,33,33,33,15,30,33,33,33,10,30,16,33,33,33,3,16,33,33,33,33,33,33,33,33,33,33,33,33,33,33,33,33,33,33,33,33},
'{33,33,33,33,33,33,33,33,33,33,33,33,33,33,33,33,33,33,33,33,33,33,21,16,33,33,33,0,0,33,33,33,10,0,33,33,33,33,21,16,33,33,33,33,33,33,33,33,33,33,33,33,33,33,33,33,33,33,33,33},
'{33,33,33,33,33,33,33,33,33,33,33,33,33,33,33,33,33,33,33,33,33,33,33,33,33,33,33,33,33,33,33,33,33,33,33,33,33,33,33,33,33,33,33,33,33,33,33,33,33,33,33,33,33,33,33,33,33,33,33,33}};

x = 60
y = 60
