'{'{33,33,33,33,33,33,33,33,33,33,33,33,33,33,33,33,33,33,33,33,33},
'{33,33,33,33,33,33,33,33,33,33,33,33,33,33,33,33,33,33,33,33,33},
'{33,33,33,33,31,31,33,33,33,33,33,33,33,33,33,33,33,33,33,33,33},
'{33,33,33,33,18,18,33,33,33,33,33,33,33,33,33,33,33,33,33,33,33},
'{33,33,33,33,18,2,25,31,33,33,33,33,33,33,33,25,31,33,33,33,33},
'{33,33,33,33,18,2,2,25,33,33,33,33,33,33,33,2,31,33,33,33,33},
'{33,33,33,33,2,2,2,2,2,16,33,33,33,18,2,2,2,2,33,33,33},
'{33,33,33,33,30,30,2,2,2,31,33,33,33,2,2,2,2,2,33,33,33},
'{33,33,33,33,33,33,2,2,2,2,2,2,2,2,2,2,2,2,33,33,33},
'{33,33,33,33,33,33,2,2,2,2,2,2,2,2,2,2,2,2,33,33,33},
'{33,33,33,33,33,33,0,2,2,2,2,2,2,2,2,2,2,2,32,33,33},
'{33,33,33,33,33,33,31,25,2,2,2,2,2,2,2,2,10,32,33,33,33},
'{33,33,33,33,33,33,33,33,2,2,2,2,2,2,2,2,25,33,33,33,33},
'{33,33,33,33,33,33,33,33,33,33,33,2,2,2,30,33,33,33,33,33,33},
'{33,33,33,33,33,33,33,33,33,33,33,10,2,2,30,33,33,33,33,33,33},
'{33,33,33,33,33,33,33,33,33,33,33,33,33,33,33,33,33,33,33,33,33},
'{33,33,33,33,33,33,33,33,33,33,33,33,33,33,33,33,33,33,33,33,33},
'{33,33,33,33,33,33,33,33,33,33,33,33,33,33,33,33,33,33,33,33,33}};

x = 21
y = 18
