'{'{33,33,33,33,33,33,33,33,33,33,33,33,33,33,33,33,33},
'{33,33,33,33,33,33,33,33,33,33,33,33,33,33,33,33,33},
'{33,33,33,33,33,33,33,33,33,33,33,33,33,33,33,33,33},
'{33,33,33,31,33,31,33,31,33,31,33,33,33,33,33,33,33},
'{33,33,2,2,2,2,2,2,2,2,2,33,33,33,33,33,33},
'{33,33,32,32,32,32,32,32,32,32,32,28,28,28,28,28,33},
'{33,33,33,33,33,33,33,33,33,33,33,20,20,20,20,20,33},
'{33,33,25,25,25,25,25,25,25,25,25,33,33,33,33,33,33},
'{33,33,18,2,2,2,2,2,2,2,18,33,33,33,33,33,33},
'{33,33,33,33,33,33,33,33,33,33,33,33,33,33,33,33,33},
'{33,33,33,33,33,33,33,33,33,33,33,33,33,33,33,33,33},
'{33,33,33,33,33,33,33,33,33,33,33,33,33,33,33,33,33}};

x = 17
y = 12
