'{'{0,0,0,0,0,0,0,0,0,0,0,0,0,0,0,0,0,0,0,0,0,0,0,0,0,0,0,0,0,0,0,0,0,0,0,0,0,0,0,0,0,0,0,0,0},
'{0,0,0,0,0,0,0,0,0,0,0,0,0,0,0,0,0,0,0,0,0,0,0,0,0,0,0,0,0,0,0,0,0,0,0,0,0,0,0,0,0,0,0,0,0},
'{0,0,0,0,0,0,0,0,0,0,0,0,0,0,0,0,0,0,0,0,0,0,0,0,0,0,0,0,0,0,0,0,0,0,0,0,0,0,0,0,0,0,0,0,0},
'{0,0,0,0,0,0,0,0,0,0,0,0,0,0,0,0,0,0,0,0,0,0,0,0,0,0,0,0,0,0,0,0,0,0,0,0,0,0,0,0,0,0,0,0,0},
'{0,0,0,0,0,0,0,0,0,0,0,0,0,0,0,0,0,0,0,0,0,0,0,0,0,0,0,0,0,0,0,0,0,0,0,0,0,0,0,0,0,0,0,0,0},
'{0,0,0,0,0,0,0,0,0,0,0,0,0,0,0,0,0,0,0,0,0,0,0,0,0,0,0,0,0,0,0,0,0,0,0,0,0,0,0,0,0,0,0,0,0},
'{0,0,0,0,0,0,0,0,0,0,0,0,0,0,0,0,0,0,0,0,0,0,0,0,0,0,0,0,0,0,0,0,0,0,0,0,0,0,0,0,0,0,0,0,0},
'{0,0,0,0,0,0,0,0,0,0,0,0,0,0,0,0,0,0,0,0,0,0,0,0,0,0,0,0,0,0,0,0,0,0,0,0,0,0,0,0,0,0,0,0,0},
'{0,0,0,0,0,0,0,0,0,0,0,0,0,0,0,0,0,0,0,0,0,0,0,0,0,0,0,0,0,0,0,0,0,0,0,0,0,0,0,0,0,0,0,0,0},
'{0,0,0,0,0,0,0,0,0,0,0,0,0,0,0,0,0,0,0,0,0,0,0,0,0,0,0,0,0,0,0,0,0,0,0,0,0,0,0,0,0,0,0,0,0},
'{0,0,0,0,0,0,0,0,0,0,0,0,0,0,0,0,0,0,0,0,0,0,0,0,0,0,0,0,0,0,0,0,0,0,0,0,0,0,0,0,0,0,0,0,0},
'{0,0,0,0,0,0,0,0,0,0,0,0,0,0,0,0,0,0,0,0,0,0,0,0,0,0,0,0,0,0,0,0,0,0,0,0,0,0,0,0,0,0,0,0,0},
'{0,0,0,0,0,0,0,0,0,0,0,0,0,0,0,0,0,0,0,0,0,0,0,16,3,3,3,3,3,0,0,0,0,0,0,0,0,0,0,0,0,0,0,0,0},
'{0,0,0,0,0,0,0,0,0,0,0,0,0,0,0,0,0,0,0,0,33,33,33,16,3,3,3,3,3,33,0,0,0,0,0,0,0,0,0,0,0,0,0,0,0},
'{0,0,0,0,0,0,0,0,0,0,0,0,0,0,0,0,0,0,0,0,3,35,3,3,21,3,3,3,3,3,3,35,0,0,0,0,0,0,0,0,0,0,0,0,0},
'{0,0,0,0,0,0,0,0,0,0,0,0,0,0,0,0,0,0,16,16,21,21,3,3,3,3,21,3,3,21,3,3,3,16,0,0,0,0,0,0,0,0,0,0,0},
'{0,0,0,0,0,0,0,0,0,0,0,0,0,0,0,0,0,0,3,16,2,21,3,3,21,3,3,3,3,3,3,3,3,3,0,0,0,0,0,0,0,0,0,0,0},
'{0,0,0,0,0,0,0,0,0,0,0,0,0,0,0,0,16,16,21,18,21,16,3,3,3,25,31,3,21,3,25,31,18,18,0,0,0,0,0,0,0,0,0,0,0},
'{0,0,0,0,0,0,0,0,0,0,0,0,0,0,0,0,16,3,2,18,3,3,21,3,3,31,25,3,3,3,25,31,18,18,0,0,0,0,0,0,0,0,0,0,0},
'{0,0,0,0,0,0,0,0,0,0,0,0,0,0,0,0,16,3,3,3,3,3,3,3,21,3,3,25,31,3,16,33,31,31,18,18,0,0,0,0,0,0,0,0,0},
'{0,0,0,0,0,0,0,0,0,0,0,0,0,0,0,0,16,3,21,3,16,3,16,3,3,16,16,31,31,3,16,33,31,1,18,18,0,0,0,0,0,0,0,0,0},
'{0,0,0,0,0,0,0,0,0,0,0,0,0,0,0,0,16,3,3,3,33,33,33,16,3,31,25,3,3,21,16,33,31,31,31,1,0,0,0,0,0,0,0,0,0},
'{0,0,0,0,0,0,0,0,0,0,0,0,0,0,0,0,33,16,3,3,31,31,31,25,21,31,31,3,3,3,16,16,33,33,1,31,0,0,0,0,0,0,0,0,0},
'{0,0,0,0,0,0,0,0,0,0,0,0,0,0,0,0,0,0,3,21,18,2,18,18,2,33,33,3,3,3,3,3,33,33,1,1,0,0,0,0,0,0,0,0,0},
'{0,0,0,0,0,0,0,0,0,0,0,0,0,0,0,0,0,0,31,31,2,18,25,18,2,25,25,33,16,3,3,3,16,16,16,16,0,0,0,0,0,0,0,0,0},
'{0,0,0,0,0,0,0,0,0,0,0,0,0,0,0,0,0,0,1,31,2,18,31,25,2,2,2,33,33,3,21,3,3,3,3,3,0,0,0,0,0,0,0,0,0},
'{0,0,0,0,0,0,0,0,0,0,0,0,0,0,0,0,0,0,18,2,2,18,18,25,25,18,2,31,31,3,3,3,21,3,0,0,0,0,0,0,0,0,0,0,0},
'{0,0,0,0,0,0,0,0,0,0,0,0,0,0,0,0,0,0,18,2,2,2,2,25,31,18,18,31,31,3,21,3,3,3,0,0,0,0,0,0,0,0,0,0,0},
'{0,0,0,0,0,0,0,0,0,0,0,0,0,0,0,0,25,18,2,2,2,2,2,2,2,25,31,3,25,31,31,3,0,0,0,0,0,0,0,0,0,0,0,0,0},
'{0,0,0,0,0,0,0,0,0,0,0,0,0,0,0,33,18,18,2,18,25,25,25,25,25,25,25,21,16,31,31,16,0,0,0,0,0,0,0,0,0,0,0,0,0},
'{0,0,0,0,0,0,0,0,0,0,0,0,0,0,31,2,2,2,2,18,33,33,33,33,33,25,2,2,18,0,0,0,0,0,0,0,0,0,0,0,0,0,0,0,0},
'{0,0,0,0,0,0,0,0,0,0,0,0,0,0,33,21,21,21,18,18,31,31,31,31,31,21,21,25,21,16,33,0,0,0,0,0,0,0,0,0,0,0,0,0,0},
'{0,0,0,0,0,0,0,0,0,0,0,0,0,0,16,3,3,3,2,2,2,2,2,2,2,3,3,3,3,3,31,31,0,0,0,0,0,0,0,0,0,0,0,0,0},
'{0,0,0,0,0,0,0,0,0,0,0,0,0,0,33,3,21,18,18,2,2,2,2,21,21,3,3,31,31,31,31,25,1,31,0,0,0,0,0,0,0,0,0,0,0},
'{0,0,0,0,0,0,0,0,0,0,0,0,0,0,16,3,21,2,2,2,2,2,2,21,3,3,21,31,31,25,1,31,31,31,0,0,0,0,0,0,0,0,0,0,0},
'{0,0,0,0,0,0,0,0,0,0,0,0,0,0,0,0,25,2,2,2,18,2,18,21,3,33,33,33,33,33,33,33,1,1,0,0,0,0,0,0,0,0,0,0,0},
'{0,0,0,0,0,0,0,0,0,0,0,0,0,0,0,0,31,18,18,2,2,2,2,21,16,16,33,33,33,33,33,33,33,1,0,0,0,0,0,0,0,0,0,0,0},
'{0,0,0,0,0,0,0,0,0,0,0,0,0,0,0,0,0,0,18,2,2,2,2,2,2,3,3,3,3,31,31,31,0,0,0,0,0,0,0,0,0,0,0,0,0},
'{0,0,0,0,0,0,0,0,0,0,0,0,0,0,0,0,0,0,18,2,18,2,2,2,2,16,16,16,16,31,28,31,0,0,0,0,0,0,0,0,0,0,0,0,0},
'{0,0,0,0,0,0,0,0,0,0,0,0,0,0,0,0,0,0,18,2,2,2,18,2,2,0,0,0,0,0,0,0,0,0,0,0,0,0,0,0,0,0,0,0,0},
'{0,0,0,0,0,0,0,0,0,0,0,0,0,0,0,0,16,25,18,2,2,2,2,2,2,0,0,0,0,0,0,0,0,0,0,0,0,0,0,0,0,0,0,0,0},
'{0,0,0,0,0,0,0,0,0,0,0,0,0,0,0,0,25,18,2,2,18,2,2,2,2,0,0,0,0,0,0,0,0,0,0,0,0,0,0,0,0,0,0,0,0},
'{0,0,0,0,0,0,0,0,0,0,0,0,0,0,0,0,25,2,2,2,2,2,18,31,0,0,0,0,0,0,0,0,0,0,0,0,0,0,0,0,0,0,0,0,0},
'{0,0,0,0,0,0,0,0,0,0,0,0,0,0,0,0,25,18,2,2,2,2,2,31,0,0,0,0,0,0,0,0,0,0,0,0,0,0,0,0,0,0,0,0,0},
'{0,0,0,0,0,0,0,0,0,0,0,0,0,0,0,0,25,18,2,2,18,2,2,31,0,0,0,0,0,0,0,0,0,0,0,0,0,0,0,0,0,0,0,0,0},
'{0,0,0,0,0,0,0,0,0,0,0,0,0,0,0,0,31,25,18,2,2,2,2,31,0,0,0,0,0,0,0,0,0,0,0,0,0,0,0,0,0,0,0,0,0},
'{0,0,0,0,0,0,0,0,0,0,0,0,0,0,0,0,0,0,18,2,2,18,2,21,3,0,0,0,0,0,0,0,0,0,0,0,0,0,0,0,0,0,0,0,0},
'{0,0,0,0,0,0,0,0,0,0,0,0,0,0,0,0,0,0,18,2,2,2,2,21,3,0,0,0,0,0,0,0,0,0,0,0,0,0,0,0,0,0,0,0,0},
'{0,0,0,0,0,0,0,0,0,0,0,0,0,0,0,0,0,0,18,2,18,2,2,21,3,0,0,0,0,0,0,0,0,0,0,0,0,0,0,0,0,0,0,0,0},
'{0,0,0,0,0,0,0,0,0,0,0,0,0,0,0,0,0,0,18,2,2,2,18,31,0,0,0,0,0,0,0,0,0,0,0,0,0,0,0,0,0,0,0,0,0},
'{0,0,0,0,0,0,0,0,0,0,0,0,0,0,0,0,0,0,18,2,2,2,2,31,0,0,0,0,0,0,0,0,0,0,0,0,0,0,0,0,0,0,0,0,0},
'{0,0,0,0,0,0,0,0,0,0,0,0,0,0,33,3,3,3,3,3,2,21,3,3,3,0,0,0,0,0,0,0,0,0,0,0,0,0,0,0,0,0,0,0,0},
'{0,0,0,0,0,0,0,0,0,0,0,0,0,33,16,3,21,3,21,21,18,18,21,16,3,0,0,0,0,0,0,0,0,0,0,0,0,0,0,0,0,0,0,0,0},
'{0,0,0,0,0,0,0,0,0,0,0,3,3,3,3,3,21,18,2,18,2,2,18,31,0,0,0,0,0,0,0,0,0,0,0,0,0,0,0,0,0,0,0,0,0},
'{0,0,0,0,0,0,0,0,0,33,16,3,3,25,25,21,18,2,2,2,2,18,25,0,0,0,0,0,0,0,0,0,0,0,0,0,0,0,0,0,0,0,0,0,0},
'{0,0,0,0,0,0,0,0,0,16,3,3,25,31,25,18,2,2,2,2,2,25,0,0,0,0,0,0,0,0,0,0,0,0,0,0,0,0,0,0,0,0,0,0,0},
'{0,0,0,0,0,0,0,0,0,3,3,3,21,25,18,2,2,18,2,18,16,0,0,0,0,0,0,0,0,0,0,0,0,0,0,0,0,0,0,0,0,0,0,0,0},
'{0,0,0,0,0,0,0,0,0,16,3,3,21,18,2,2,2,2,2,18,0,0,0,0,0,0,0,0,0,0,0,0,0,0,0,0,0,0,0,0,0,0,0,0,0},
'{0,0,0,0,0,0,0,0,0,0,0,18,18,2,2,2,21,3,3,16,0,0,0,0,0,0,0,0,0,0,0,0,0,0,0,0,0,0,0,0,0,0,0,0,0},
'{0,0,0,0,0,0,0,0,0,0,0,18,2,2,18,18,21,16,3,3,0,0,0,0,0,0,0,0,0,0,0,0,0,0,0,0,0,0,0,0,0,0,0,0,0},
'{0,0,0,0,0,0,0,0,0,16,3,2,2,2,21,3,3,3,0,0,0,0,0,0,0,0,0,0,0,0,0,0,0,0,0,0,0,0,0,0,0,0,0,0,0},
'{0,0,0,0,0,0,0,0,0,3,3,21,21,18,21,3,25,16,0,0,0,0,0,0,0,0,0,0,0,0,0,0,0,0,0,0,0,0,0,0,0,0,0,0,0},
'{0,0,0,0,0,0,0,0,0,16,3,3,3,3,3,3,25,31,0,0,0,0,0,0,0,0,0,0,0,0,0,0,0,0,0,0,0,0,0,0,0,0,0,0,0},
'{0,0,0,0,0,0,0,0,0,3,3,21,3,3,25,31,31,31,16,16,0,0,0,0,0,0,0,0,0,0,0,0,0,0,0,0,0,0,0,0,0,0,0,0,0},
'{0,0,0,0,0,0,0,0,0,16,3,3,3,21,16,25,16,3,3,3,0,0,0,0,0,0,0,0,0,0,0,0,0,0,0,0,0,0,0,0,0,0,0,0,0},
'{0,0,0,0,0,0,0,0,0,33,33,3,3,0,0,0,16,3,21,3,16,16,0,0,0,0,0,0,0,0,0,0,0,0,0,0,0,0,0,0,0,0,0,0,0},
'{0,0,0,0,0,0,0,0,0,0,0,0,16,0,0,0,16,3,3,3,3,16,0,0,0,0,0,0,0,0,0,0,0,0,0,0,0,0,0,0,0,0,0,0,0},
'{0,0,0,0,0,0,0,0,0,0,0,0,0,0,0,0,0,0,0,0,0,0,0,0,0,0,0,0,0,0,0,0,0,0,0,0,0,0,0,0,0,0,0,0,0},
'{0,0,0,0,0,0,0,0,0,0,0,0,0,0,0,0,0,0,0,0,0,0,0,0,0,0,0,0,0,0,0,0,0,0,0,0,0,0,0,0,0,0,0,0,0},
'{0,0,0,0,0,0,0,0,0,0,0,0,0,0,0,0,0,0,0,0,0,0,0,0,0,0,0,0,0,0,0,0,0,0,0,0,0,0,0,0,0,0,0,0,0}};

x = 45
y = 70
