'{'{0,0,0,0,0,0,0,0,0,0,0,0,0,0,0,0,0,0,0,0,0,0,0,0,0,0,0,0,0,0,0,0,0,0,0,0,0,0,0,0,0,0,0,0,0},
'{0,0,0,0,0,0,0,0,0,0,0,0,0,0,0,0,0,0,0,0,0,0,0,0,0,0,0,0,0,0,0,0,0,0,0,0,0,0,0,0,0,0,0,0,0},
'{0,0,0,0,0,0,0,0,0,0,0,0,0,0,0,0,0,0,0,0,0,0,0,0,0,0,0,0,0,0,0,0,0,0,0,0,0,0,0,0,0,0,0,0,0},
'{0,0,0,0,0,0,0,0,0,0,0,0,0,0,0,0,0,0,0,0,0,0,0,0,0,0,0,0,0,0,0,0,0,0,0,0,0,0,0,0,0,0,0,0,0},
'{0,0,0,0,0,0,0,0,0,0,0,0,0,0,0,0,0,0,0,0,0,0,0,0,0,0,0,0,0,0,0,0,0,0,0,0,0,0,0,0,0,0,0,0,0},
'{0,0,0,0,0,0,0,0,0,0,0,0,0,0,0,0,0,0,0,0,0,0,0,0,0,0,0,0,0,0,0,0,0,0,0,0,0,0,0,0,0,0,0,0,0},
'{0,0,0,0,0,0,0,0,0,0,0,0,0,0,0,0,0,0,0,0,0,0,0,0,0,0,0,0,0,0,0,0,0,0,0,0,0,0,0,0,0,0,0,0,0},
'{0,0,0,0,0,0,0,0,0,0,0,0,0,0,0,0,0,0,0,0,0,0,0,0,0,0,0,0,0,0,0,0,0,0,0,0,0,0,0,0,0,0,0,0,0},
'{0,0,0,0,0,0,0,0,0,0,0,0,0,0,0,0,0,0,0,0,0,0,0,0,0,0,0,0,0,0,0,0,0,0,0,0,0,0,0,0,0,0,0,0,0},
'{0,0,0,0,0,0,0,0,0,0,0,0,0,0,0,0,0,0,0,0,0,0,0,0,0,0,0,0,0,0,0,0,0,0,0,0,0,0,0,0,0,0,0,0,0},
'{0,0,0,0,0,0,0,0,0,0,0,0,0,0,0,0,0,0,0,0,0,0,0,0,0,0,0,0,0,0,0,0,0,0,0,0,0,0,0,0,0,0,0,0,0},
'{0,0,0,0,0,0,0,0,0,0,0,0,0,0,0,0,0,0,33,33,0,0,0,0,0,0,0,0,0,0,0,0,0,0,0,0,0,0,0,0,0,0,0,0,0},
'{0,0,0,0,0,0,0,0,0,0,0,0,0,0,0,0,0,3,3,35,3,35,16,0,0,0,0,0,0,0,0,0,0,0,0,0,0,0,0,0,0,0,0,0,0},
'{0,0,0,0,0,0,0,0,0,0,0,0,0,33,16,16,16,3,3,3,3,3,16,16,16,16,0,0,0,0,0,0,0,0,0,0,0,0,0,0,0,0,0,0,0},
'{0,0,0,0,0,0,0,0,0,0,0,0,0,16,3,3,3,3,3,21,3,3,3,3,3,3,0,0,0,0,0,0,0,0,0,0,0,0,0,0,0,0,0,0,0},
'{0,0,0,0,0,0,0,0,0,0,0,0,16,25,21,21,3,3,3,3,3,21,3,3,21,3,16,16,0,0,0,0,0,0,0,0,0,0,0,0,0,0,0,0,0},
'{0,0,0,0,0,0,0,0,0,0,0,0,35,21,18,21,3,21,3,21,3,3,3,3,3,3,3,3,0,0,0,0,0,0,0,0,0,0,0,0,0,0,0,0,0},
'{0,0,0,0,0,0,0,0,0,0,3,21,18,21,3,3,3,3,16,31,31,3,21,3,31,25,2,18,0,0,0,0,0,0,0,0,0,0,0,0,0,0,0,0,0},
'{0,0,0,0,0,0,0,0,0,0,3,3,18,21,3,3,21,3,3,31,25,16,3,3,31,31,18,25,0,0,0,0,0,0,0,0,0,0,0,0,0,0,0,0,0},
'{0,0,0,0,0,0,0,0,0,0,3,3,3,3,3,3,3,3,21,3,31,25,31,3,33,33,31,25,18,31,0,0,0,0,0,0,0,0,0,0,0,0,0,0,0},
'{0,0,0,0,0,0,0,0,0,0,3,3,21,3,3,21,3,3,3,25,16,31,16,3,33,33,1,31,18,31,0,0,0,0,0,0,0,0,0,0,0,0,0,0,0},
'{0,0,0,0,0,0,0,0,0,0,3,3,3,3,3,3,3,21,3,31,31,3,21,3,33,33,31,31,31,0,0,0,0,0,0,0,0,0,0,0,0,0,0,0,0},
'{0,0,0,0,0,0,0,0,0,0,33,16,3,21,21,18,21,21,18,18,25,33,16,3,3,16,33,33,19,0,0,0,0,0,0,0,0,0,0,0,0,0,0,0,0},
'{0,0,0,0,0,0,0,0,0,0,0,33,3,21,2,2,2,2,2,2,25,33,16,3,3,3,33,33,31,0,0,0,0,0,0,0,0,0,0,0,0,0,0,0,0},
'{0,0,0,0,0,0,0,0,0,0,0,33,18,18,2,2,2,2,18,31,25,18,31,33,3,3,3,16,16,16,0,0,0,0,0,0,0,0,0,0,0,0,0,0,0},
'{0,0,0,0,0,0,0,0,0,0,0,33,2,2,2,2,2,18,18,31,25,18,31,33,16,3,21,3,21,16,0,0,0,0,0,0,0,0,0,0,0,0,0,0,0},
'{0,0,0,0,0,0,0,0,0,0,18,2,2,2,2,18,2,31,25,18,25,31,25,2,21,3,18,2,2,2,2,31,31,1,31,2,18,1,0,0,0,0,0,0,0},
'{0,0,0,0,0,0,0,0,0,0,18,2,2,2,2,18,18,25,25,18,18,25,18,18,21,21,2,2,2,2,2,25,31,25,31,25,25,31,31,0,0,0,0,0,0},
'{0,0,0,0,0,0,0,0,0,0,18,2,2,18,2,25,1,2,2,2,2,2,2,2,18,18,18,2,2,18,2,25,31,1,25,31,19,31,31,1,0,0,0,0,0},
'{0,0,0,0,0,0,0,0,0,0,18,2,2,2,2,31,33,18,2,2,2,18,21,21,21,25,18,2,2,18,25,31,19,31,1,25,1,25,1,25,0,0,0,0,0},
'{0,0,0,0,0,0,0,0,0,0,18,2,2,2,2,16,33,18,2,2,2,2,21,3,3,3,2,2,2,25,31,25,1,25,31,1,25,1,25,1,0,0,0,0,0},
'{0,0,0,0,0,0,0,0,0,0,18,2,2,2,2,18,25,25,25,16,21,18,18,18,21,3,21,16,33,31,31,1,25,1,25,18,25,31,1,0,0,0,0,0,0},
'{0,0,0,0,0,0,0,0,0,0,18,2,2,18,2,2,2,31,31,3,21,18,2,18,3,3,3,16,0,33,19,31,31,31,25,18,18,1,0,0,0,0,0,0,0},
'{0,0,0,0,0,0,0,0,0,0,0,33,2,2,2,2,2,25,31,3,3,3,3,3,0,0,0,0,0,0,0,0,0,0,0,0,0,0,0,0,0,0,0,0,0},
'{0,0,0,0,0,0,0,0,0,0,0,33,2,2,18,2,2,25,31,3,21,3,21,21,33,0,0,0,0,0,0,0,0,0,0,0,0,0,0,0,0,0,0,0,0},
'{0,0,0,0,0,0,0,0,0,0,0,33,2,2,2,2,18,2,18,3,3,3,21,18,3,3,3,35,3,16,0,0,0,0,0,0,0,0,0,0,0,0,0,0,0},
'{0,0,0,0,0,0,0,0,0,0,0,0,31,18,18,2,2,2,18,25,25,31,18,2,21,21,3,3,3,16,16,0,0,0,0,0,0,0,0,0,0,0,0,0,0},
'{0,0,0,0,0,0,0,0,0,0,0,0,0,31,2,2,2,2,18,31,31,31,25,2,2,2,3,21,3,3,3,0,0,0,0,0,0,0,0,0,0,0,0,0,0},
'{0,0,0,0,0,0,0,0,0,0,0,0,0,16,2,2,18,2,2,18,31,33,33,16,16,21,3,3,33,16,3,16,0,0,0,0,0,0,0,0,0,0,0,0,0},
'{0,0,0,0,0,0,0,0,0,0,0,0,0,31,2,2,2,2,2,2,25,0,0,0,3,3,3,16,0,16,3,0,0,0,0,0,0,0,0,0,0,0,0,0,0},
'{0,0,0,0,0,0,0,0,0,0,0,0,18,18,2,2,2,18,2,2,25,0,0,0,0,0,0,0,0,0,0,0,0,0,0,0,0,0,0,0,0,0,0,0,0},
'{0,0,0,0,0,0,0,0,0,0,0,33,2,2,18,2,2,2,2,18,25,0,0,0,0,0,0,0,0,0,0,0,0,0,0,0,0,0,0,0,0,0,0,0,0},
'{0,0,0,0,0,0,0,0,0,0,0,33,2,2,2,2,2,2,2,2,2,18,31,0,0,0,0,0,0,0,0,0,0,0,0,0,0,0,0,0,0,0,0,0,0},
'{0,0,0,0,0,0,0,0,0,0,0,33,2,2,2,2,2,2,2,2,2,2,25,0,0,0,0,0,0,0,0,0,0,0,0,0,0,0,0,0,0,0,0,0,0},
'{0,0,0,0,0,0,0,0,0,0,0,33,2,2,2,2,2,2,2,18,2,18,2,2,0,0,0,0,0,0,0,0,0,0,0,0,0,0,0,0,0,0,0,0,0},
'{0,0,0,0,0,0,0,0,0,0,0,0,31,25,2,2,2,2,2,2,2,2,2,2,25,31,0,0,0,0,0,0,0,0,0,0,0,0,0,0,0,0,0,0,0},
'{0,0,0,0,0,0,0,0,0,0,0,0,0,31,2,2,2,2,2,2,2,2,18,2,18,2,0,0,0,0,0,0,0,0,0,0,0,0,0,0,0,0,0,0,0},
'{0,0,0,0,0,0,0,0,0,0,0,0,0,31,2,2,2,2,18,33,31,2,2,2,2,2,0,0,0,0,0,0,0,0,0,0,0,0,0,0,0,0,0,0,0},
'{0,0,0,0,0,0,0,0,0,0,0,0,0,16,2,2,18,2,18,33,16,2,2,2,18,2,0,0,0,0,0,0,0,0,0,0,0,0,0,0,0,0,0,0,0},
'{0,0,0,0,0,0,0,0,0,0,0,0,0,31,2,2,2,2,18,33,33,33,31,2,21,3,0,0,0,0,0,0,0,0,0,0,0,0,0,0,0,0,0,0,0},
'{0,0,0,0,0,0,0,0,0,0,0,0,0,31,18,2,2,2,18,33,33,33,31,2,21,16,0,0,0,0,0,0,0,0,0,0,0,0,0,0,0,0,0,0,0},
'{0,0,0,0,0,0,0,0,0,0,0,0,0,31,2,2,18,2,18,33,33,33,31,2,2,2,0,0,0,0,0,0,0,0,0,0,0,0,0,0,0,0,0,0,0},
'{0,0,0,0,0,0,0,0,0,0,0,0,0,16,2,2,2,21,21,33,16,31,25,2,2,2,0,0,0,0,0,0,0,0,0,0,0,0,0,0,0,0,0,0,0},
'{0,0,0,0,0,0,0,0,0,0,0,0,0,31,2,2,2,3,3,3,21,18,2,2,2,18,0,0,0,0,0,0,0,0,0,0,0,0,0,0,0,0,0,0,0},
'{0,0,0,0,0,0,0,0,0,0,0,0,25,25,2,21,21,3,3,3,21,18,2,2,31,16,0,0,0,0,0,0,0,0,0,0,0,0,0,0,0,0,0,0,0},
'{0,0,0,0,0,0,0,0,0,0,0,33,18,2,2,21,3,3,21,3,21,18,2,2,0,0,0,0,0,0,0,0,0,0,0,0,0,0,0,0,0,0,0,0,0},
'{0,0,0,0,0,0,0,0,0,0,18,18,2,2,2,18,18,3,21,18,18,2,18,2,0,0,0,0,0,0,0,0,0,0,0,0,0,0,0,0,0,0,0,0,0},
'{0,0,0,0,0,0,0,0,0,0,18,2,2,2,2,18,18,16,16,2,2,2,18,18,0,0,0,0,0,0,0,0,0,0,0,0,0,0,0,0,0,0,0,0,0},
'{0,0,0,0,0,0,16,3,21,2,2,2,18,2,2,16,0,0,0,2,2,2,21,3,0,0,0,0,0,0,0,0,0,0,0,0,0,0,0,0,0,0,0,0,0},
'{0,0,0,0,0,33,16,3,18,2,21,21,21,18,25,33,0,33,16,2,18,21,21,3,0,0,0,0,0,0,0,0,0,0,0,0,0,0,0,0,0,0,0,0,0},
'{0,0,0,0,33,3,3,3,18,2,3,3,3,16,0,0,0,3,3,2,21,3,3,3,0,0,0,0,0,0,0,0,0,0,0,0,0,0,0,0,0,0,0,0,0},
'{0,0,0,0,33,35,3,21,21,25,3,3,16,0,0,0,0,3,3,21,21,3,25,31,16,16,0,0,0,0,0,0,0,0,0,0,0,0,0,0,0,0,0,0,0},
'{0,0,0,0,33,3,3,3,3,3,3,16,0,0,0,0,0,3,3,3,16,3,31,31,16,3,0,0,0,0,0,0,0,0,0,0,0,0,0,0,0,0,0,0,0},
'{0,0,0,0,33,3,3,3,25,31,31,31,0,0,0,0,0,3,3,3,25,31,25,16,3,3,3,16,0,0,0,0,0,0,0,0,0,0,0,0,0,0,0,0,0},
'{0,0,0,0,33,3,21,3,31,31,31,1,0,0,0,0,0,3,3,3,16,25,16,3,21,3,3,16,0,0,0,0,0,0,0,0,0,0,0,0,0,0,0,0,0},
'{0,0,0,0,0,0,33,31,16,3,3,3,3,16,0,0,0,0,0,3,25,31,31,3,3,3,3,3,3,16,0,0,0,0,0,0,0,0,0,0,0,0,0,0,0},
'{0,0,0,0,0,0,33,1,16,16,16,3,16,16,0,0,0,0,0,3,16,1,16,16,3,16,16,3,16,16,0,0,0,0,0,0,0,0,0,0,0,0,0,0,0},
'{0,0,0,0,0,0,0,0,0,0,0,0,0,0,0,0,0,0,0,0,0,0,0,0,0,0,0,0,0,0,0,0,0,0,0,0,0,0,0,0,0,0,0,0,0},
'{0,0,0,0,0,0,0,0,0,0,0,0,0,0,0,0,0,0,0,0,0,0,0,0,0,0,0,0,0,0,0,0,0,0,0,0,0,0,0,0,0,0,0,0,0},
'{0,0,0,0,0,0,0,0,0,0,0,0,0,0,0,0,0,0,0,0,0,0,0,0,0,0,0,0,0,0,0,0,0,0,0,0,0,0,0,0,0,0,0,0,0}};

x = 45
y = 70
